# oST version 5.0 parameters


[image]

width
640

height
480

[narrow_stereo]

camera matrix
331.026143 0.000000 331.441017
0.000000 331.977131 231.256630
0.000000 0.000000 1.000000

distortion
-0.264919 0.049103 0.002046 0.001811 0.000000

rectification
1.000000 0.000000 0.000000
0.000000 1.000000 0.000000
0.000000 0.000000 1.000000

projection
226.307175 0.000000 334.404102 0.000000
0.000000 274.028107 228.964857 0.000000
0.000000 0.000000 1.000000 0.000000
