image_width: 1280
image_height: 720
camera_name: rear_wide_camera
camera_matrix:
  rows: 3
  cols: 3
  data: [641.613259, 0.000000, 648.090120, 0.000000, 648.532689, 378.334531, 0.000000, 0.000000, 1.000000]
distortion_model: plumb_bob
distortion_coefficients:
  rows: 1
  cols: 5
  data: [-0.258034, 0.049294, -0.003196, 0.001805, 0.000000]
rectification_matrix:
  rows: 3
  cols: 3
  data: [ 1.,  0.,  0., 0.,  1.,  0., 0.,  0.,  1.]
projection_matrix:
  rows: 3
  cols: 4
  data: [434.228210, 0.000000, 657.283429, 0.000000, 0.000000, 590.727600, 379.548741, 0.000000, 0.000000, 0.000000, 1.000000, 0.000000]
